image: laba.pgm
resolution: 0.050000
origin: [-5.600000, -9.450000, -nan]
negate: 0
occupied_thresh: 0.65
free_thresh: 0.196

