image: room.pgm
resolution: 0.050000
origin: [-2.600000, -2.950000, -nan]
negate: 0
occupied_thresh: 0.65
free_thresh: 0.196

